 4.99999805469997E-0005 5.37303712917492E-0005 5.77390783291776E-0005 1.00000000000000E+0001
 5.77390783291776E-0005 6.20468636043370E-0005 6.66760461172089E-0005 0.00000000000000E+0000
 6.66760461172089E-0005 7.16506037861109E-0005 7.69963007769547E-0005 1.00000000000000E+0000
 7.69963007769547E-0005 8.27408221084625E-0005 8.89139337232336E-0005 2.00000000000000E+0000
 8.89139337232336E-0005 9.55476134549826E-0005 1.02676211099606E-0004 1.00000000000000E+0000
 1.02676211099606E-0004 1.10336659417953E-0004 1.18568641482852E-0004 2.00000000000000E+0000
 1.18568641482852E-0004 1.27414794405922E-0004 1.36920934892260E-0004 5.00000000000000E+0000
 1.36920934892260E-0004 1.47136306622997E-0004 1.58113820361905E-0004 3.00000000000000E+0000
 1.58113820361905E-0004 1.69910359545611E-0004 1.82586998562329E-0004 7.00000000000000E+0000
 1.82586998562329E-0004 1.96209410205483E-0004 2.10848171263933E-0004 1.10000000000000E+0001
 2.10848171263933E-0004 2.26579097216018E-0004 2.43483664235100E-0004 8.00000000000000E+0000
 2.43483664235100E-0004 2.61649460298941E-0004 2.81170563539490E-0004 9.00000000000000E+0000
 2.81170563539490E-0004 3.02148080663756E-0004 3.24690685374662E-0004 1.10000000000000E+0001
 3.24690685374662E-0004 3.48915171343833E-0004 3.74946976080537E-0004 2.00000000000000E+0000
 3.74946976080537E-0004 4.02920937631279E-0004 4.32981993071735E-0004 1.30000000000000E+0001
 4.32981993071735E-0004 4.65285847894847E-0004 4.99999790918082E-0004 8.00000000000000E+0000
 4.99999790918082E-0004 5.37303683813661E-0004 5.77390776015818E-0004 1.30000000000000E+0001
 5.77390776015818E-0004 6.20468636043370E-0004 6.66760490275919E-0004 1.90000000000000E+0001
 6.66760490275919E-0004 7.16506037861109E-0004 7.69962964113802E-0004 1.30000000000000E+0001
 7.69962964113802E-0004 8.27408221084625E-0004 8.89139366336167E-0004 1.20000000000000E+0001
 8.89139366336167E-0004 9.55476134549826E-0004 1.02676218375563E-0003 1.00000000000000E+0001
 1.02676218375563E-0003 1.10336660873144E-0003 1.18568644393235E-0003 1.40000000000000E+0001
 1.18568644393235E-0003 1.27414788585156E-0003 1.36920926161110E-0003 7.00000000000000E+0000
 1.36920926161110E-0003 1.47136300802230E-0003 1.58113823272287E-0003 1.20000000000000E+0001
 1.58113823272287E-0003 1.69910350814462E-0003 1.82586989831179E-0003 1.00000000000000E+0001
 1.82586989831179E-0003 1.96209410205483E-0003 2.10848171263933E-0003 9.00000000000000E+0000
 2.10848171263933E-0003 2.26579094305634E-0003 2.43483670055866E-0003 1.00000000000000E+0001
 2.43483670055866E-0003 2.61649466119707E-0003 2.81170546077192E-0003 1.10000000000000E+0001
 2.81170546077192E-0003 3.02148074842989E-0003 3.24690691195428E-0003 1.40000000000000E+0001
 3.24690691195428E-0003 3.48915159702301E-0003 3.74946952797472E-0003 5.00000000000000E+0000
 3.74946952797472E-0003 4.02920925989747E-0003 4.32982016354799E-0003 1.00000000000000E+0001
 4.32982016354799E-0003 4.65285824611783E-0003 4.99999802559614E-0003 8.00000000000000E+0000
 4.99999802559614E-0003 5.37303695455194E-0003 5.77390752732754E-0003 3.00000000000000E+0000
 5.77390752732754E-0003 6.20468659326434E-0003 6.66760466992855E-0003 6.00000000000000E+0000
 6.66760466992855E-0003 7.16506037861109E-0003 7.69962975755334E-0003 6.00000000000000E+0000
 7.69962975755334E-0003 8.27408209443092E-0003 8.89139343053102E-0003 6.00000000000000E+0000
 8.89139343053102E-0003 9.55476146191359E-0003 1.02676209062337E-0002 2.00000000000000E+0000
 1.02676209062337E-0002 1.10336663201451E-0002 1.18568642064929E-0002 7.00000000000000E+0000
 1.18568642064929E-0002 1.27414790913462E-0002 1.36920930817723E-0002 3.00000000000000E+0000
 1.36920930817723E-0002 1.47136300802230E-0002 1.58113818615675E-0002 7.00000000000000E+0000
 1.58113818615675E-0002 1.69910360127687E-0002 1.82587001472712E-0002 3.00000000000000E+0000
 1.82587001472712E-0002 1.96209419518709E-0002 2.10848171263933E-0002 6.00000000000000E+0000
 2.10848171263933E-0002 2.26579103618860E-0002 2.43483670055866E-0002 5.00000000000000E+0000
 2.43483670055866E-0002 2.61649452149868E-0002 2.81170550733805E-0002 2.00000000000000E+0000
 2.81170550733805E-0002 3.02148088812828E-0002 3.24690677225590E-0002 2.00000000000000E+0000
 3.24690677225590E-0002 3.48915159702301E-0002 3.74946966767311E-0002 1.00000000000000E+0000
 3.74946966767311E-0002 4.02920953929424E-0002 4.32981997728348E-0002 1.00000000000000E+0000
 4.32981997728348E-0002 4.65285852551460E-0002 4.99999821186066E-0002 2.00000000000000E+0000
 4.99999821186066E-0002 5.37303723394871E-0002 5.77390789985657E-0002 0.00000000000000E+0000
 5.77390789985657E-0002 6.20468631386757E-0002 6.66760429739952E-0002 6.00000000000000E+0000
 6.66760429739952E-0002 7.16506019234657E-0002 7.69962966442108E-0002 1.00000000000000E+0000
 7.69962966442108E-0002 8.27408209443092E-0002 8.89139398932457E-0002 0.00000000000000E+0000
 8.89139398932457E-0002 9.55476164817810E-0002 1.02676212787628E-0001 3.00000000000000E+0000
 1.02676212787628E-0001 1.10336661338806E-0001 1.18568643927574E-0001 1.00000000000000E+0000
 1.18568643927574E-0001 1.27414792776108E-0001 1.36920928955078E-0001 0.00000000000000E+0000
 1.36920928955078E-0001 1.47136300802231E-0001 1.58113822340965E-0001 3.00000000000000E+0000
 1.58113822340965E-0001 1.69910356402397E-0001 1.82586997747421E-0001 2.00000000000000E+0000
 1.82586997747421E-0001 1.96209415793419E-0001 2.10848167538643E-0001 3.00000000000000E+0000
 2.10848167538643E-0001 2.26579099893570E-0001 2.43483677506447E-0001 0.00000000000000E+0000
 2.43483677506447E-0001 2.61649459600449E-0001 2.81170547008514E-0001 3.00000000000000E+0000
 2.81170547008514E-0001 3.02148073911667E-0001 3.24690699577332E-0001 3.00000000000000E+0000
 3.24690699577332E-0001 3.48915159702301E-0001 3.74946951866150E-0001 1.00000000000000E+0000
 3.74946951866150E-0001 4.02920931577682E-0001 4.32981997728348E-0001 1.00000000000000E+0000
 4.32981997728348E-0001 4.65285837650299E-0001 4.99999821186066E-0001 2.00000000000000E+0000
 4.99999821186066E-0001 5.37303686141968E-0001 5.77390789985657E-0001 0.00000000000000E+0000
 5.77390789985657E-0001 6.20468676090240E-0001 6.66760444641113E-0001 0.00000000000000E+0000
 6.66760444641113E-0001 7.16506004333496E-0001 7.69962966442108E-0001 2.00000000000000E+0000
 7.69962966442108E-0001 8.27408254146576E-0001 8.89139354228973E-0001 0.00000000000000E+0000
 8.89139354228973E-0001 9.55476105213165E-0001 1.02676212787628E+0000 0.00000000000000E+0000
 1.02676212787628E+0000 1.10336661338806E+0000 1.18568634986877E+0000 0.00000000000000E+0000
 1.18568634986877E+0000 1.27414786815643E+0000 1.36920928955078E+0000 0.00000000000000E+0000
 1.36920928955078E+0000 1.47136306762695E+0000 1.58113825321198E+0000 0.00000000000000E+0000
 1.58113825321198E+0000 1.69910347461700E+0000 1.82586991786957E+0000 0.00000000000000E+0000
 1.82586991786957E+0000 1.96209418773651E+0000 2.10848164558411E+0000 0.00000000000000E+0000
 2.10848164558411E+0000 2.26579093933105E+0000 2.43483662605286E+0000 0.00000000000000E+0000
 2.43483662605286E+0000 2.61649465560913E+0000 2.81170558929443E+0000 0.00000000000000E+0000
 2.81170558929443E+0000 3.02148079872131E+0000 3.24690699577332E+0000 0.00000000000000E+0000
 3.24690699577332E+0000 3.48915171623230E+0000 3.74946951866150E+0000 0.00000000000000E+0000
 3.74946951866150E+0000 4.02920961380005E+0000 4.32982015609741E+0000 0.00000000000000E+0000
 4.32982015609741E+0000 4.65285825729370E+0000 4.99999809265137E+0000 0.00000000000000E+0000
 4.99999809265137E+0000 5.37303733825684E+0000 5.77390766143799E+0000 0.00000000000000E+0000
 5.77390766143799E+0000 6.20468664169312E+0000 6.66760444641113E+0000 0.00000000000000E+0000
 6.66760444641113E+0000 7.16506004333496E+0000 7.69962978363037E+0000 0.00000000000000E+0000
 7.69962978363037E+0000 8.27408218383789E+0000 8.89139366149902E+0000 0.00000000000000E+0000
 8.89139366149902E+0000 9.55476093292236E+0000 1.02676210403442E+0001 0.00000000000000E+0000
 1.02676210403442E+0001 1.10336666107177E+0001 1.18568639755249E+0001 0.00000000000000E+0000
 1.18568639755249E+0001 1.27414789199829E+0001 1.36920928955078E+0001 0.00000000000000E+0000
 1.36920928955078E+0001 1.47136306762695E+0001 1.58113822937011E+0001 0.00000000000000E+0000
 1.58113822937011E+0001 1.69910354614258E+0001 1.82586994171143E+0001 0.00000000000000E+0000
 1.82586994171143E+0001 1.96209411621094E+0001 2.10848178863525E+0001 0.00000000000000E+0000
 2.10848178863525E+0001 2.26579093933105E+0001 2.43483676910400E+0001 0.00000000000000E+0000
 2.43483676910400E+0001 2.61649456024170E+0001 2.81170558929443E+0001 0.00000000000000E+0000
 2.81170558929443E+0001 3.02148075103760E+0001 3.24690704345703E+0001 0.00000000000000E+0000
 3.24690704345703E+0001 3.48915176391602E+0001 3.74946975708008E+0001 0.00000000000000E+0000
 3.74946975708008E+0001 4.02920951843262E+0001 4.32981986999512E+0001 0.00000000000000E+0000
 4.32981986999512E+0001 4.65285835266113E+0001 4.99999809265137E+0001 0.00000000000000E+0000
 4.99999809265137E+0001 5.37303695678711E+0001 5.77390785217285E+0001 0.00000000000000E+0000
 5.77390785217285E+0001 6.20468635559082E+0001 6.66760482788086E+0001 0.00000000000000E+0000
 6.66760482788086E+0001 7.16506042480469E+0001 7.69962997436523E+0001 0.00000000000000E+0000
 7.69962997436523E+0001 8.27408218383789E+0001 8.89139404296875E+0001 0.00000000000000E+0000
