 0.00000000000000E+0000 1.66666664881632E-0004 3.33333329763263E-0004 6.99000000000000E+0002
 3.33333329763263E-0004 4.99999965541065E-0004 6.66666659526527E-0004 1.34600000000000E+0003
 6.66666659526527E-0004 8.33333353511989E-0004 9.99999931082129E-0004 1.23200000000000E+0003
 9.99999931082129E-0004 1.16666662506759E-0003 1.33333331905305E-0003 1.03900000000000E+0003
 1.33333331905305E-0003 1.50000001303851E-0003 1.66666670702398E-0003 8.54000000000000E+0002
 1.66666670702398E-0003 1.83333340100944E-0003 2.00000009499490E-0003 7.00000000000000E+0002
 2.00000009499490E-0003 2.16666678898036E-0003 2.33333348296583E-0003 6.48000000000000E+0002
 2.33333348296583E-0003 2.50000017695129E-0003 2.66666687093675E-0003 4.56000000000000E+0002
 2.66666687093675E-0003 2.83333356492221E-0003 3.00000025890768E-0003 4.00000000000000E+0002
 3.00000025890768E-0003 3.16666695289314E-0003 3.33333364687860E-0003 3.79000000000000E+0002
 3.33333364687860E-0003 3.50000034086406E-0003 3.66666703484952E-0003 3.02000000000000E+0002
 3.66666703484952E-0003 3.83333372883499E-0003 4.00000018998981E-0003 2.74000000000000E+0002
 4.00000018998981E-0003 4.16666688397527E-0003 4.33333357796073E-0003 2.62000000000000E+0002
 4.33333357796073E-0003 4.50000027194619E-0003 4.66666696593165E-0003 1.66000000000000E+0002
 4.66666696593165E-0003 4.83333365991712E-0003 5.00000035390258E-0003 1.30000000000000E+0002
 5.00000035390258E-0003 5.16666704788804E-0003 5.33333374187350E-0003 1.39000000000000E+0002
 5.33333374187350E-0003 5.50000043585896E-0003 5.66666712984443E-0003 1.10000000000000E+0002
 5.66666712984443E-0003 5.83333382382989E-0003 6.00000051781535E-0003 1.02000000000000E+0002
 6.00000051781535E-0003 6.16666721180081E-0003 6.33333390578628E-0003 7.00000000000000E+0001
 6.33333390578628E-0003 6.50000059977174E-0003 6.66666729375720E-0003 7.40000000000000E+0001
 6.66666729375720E-0003 6.83333398774266E-0003 7.00000068172812E-0003 5.80000000000000E+0001
 7.00000068172812E-0003 7.16666737571359E-0003 7.33333406969905E-0003 4.80000000000000E+0001
 7.33333406969905E-0003 7.50000076368451E-0003 7.66666745766997E-0003 4.20000000000000E+0001
 7.66666745766997E-0003 7.83333368599415E-0003 8.00000037997961E-0003 2.80000000000000E+0001
 8.00000037997961E-0003 8.16666707396507E-0003 8.33333376795053E-0003 2.40000000000000E+0001
 8.33333376795053E-0003 8.50000046193600E-0003 8.66666715592146E-0003 2.40000000000000E+0001
 8.66666715592146E-0003 8.83333384990692E-0003 9.00000054389238E-0003 2.10000000000000E+0001
 9.00000054389238E-0003 9.16666723787785E-0003 9.33333393186331E-0003 1.40000000000000E+0001
 9.33333393186331E-0003 9.50000062584877E-0003 9.66666731983423E-0003 2.00000000000000E+0001
 9.66666731983423E-0003 9.83333401381969E-0003 1.00000007078051E-0002 1.50000000000000E+0001
 1.00000007078051E-0002 1.01666674017906E-0002 1.03333340957760E-0002 1.20000000000000E+0001
 1.03333340957760E-0002 1.05000007897615E-0002 1.06666674837470E-0002 1.20000000000000E+0001
 1.06666674837470E-0002 1.08333341777324E-0002 1.10000008717179E-0002 9.00000000000000E+0000
 1.10000008717179E-0002 1.11666675657033E-0002 1.13333342596888E-0002 3.00000000000000E+0000
 1.13333342596888E-0002 1.15000009536743E-0002 1.16666676476597E-0002 5.00000000000000E+0000
 1.16666676476597E-0002 1.18333343416452E-0002 1.20000010356307E-0002 3.00000000000000E+0000
 1.20000010356307E-0002 1.21666677296161E-0002 1.23333344236016E-0002 3.00000000000000E+0000
 1.23333344236016E-0002 1.25000011175870E-0002 1.26666678115725E-0002 2.00000000000000E+0000
 1.26666678115725E-0002 1.28333345055580E-0002 1.30000011995434E-0002 4.00000000000000E+0000
 1.30000011995434E-0002 1.31666678935289E-0002 1.33333345875144E-0002 3.00000000000000E+0000
 1.33333345875144E-0002 1.35000012814998E-0002 1.36666679754853E-0002 0.00000000000000E+0000
 1.36666679754853E-0002 1.38333346694707E-0002 1.40000013634562E-0002 0.00000000000000E+0000
 1.40000013634562E-0002 1.41666680574417E-0002 1.43333347514271E-0002 0.00000000000000E+0000
 1.43333347514271E-0002 1.45000014454126E-0002 1.46666681393981E-0002 0.00000000000000E+0000
 1.46666681393981E-0002 1.48333348333835E-0002 1.50000015273690E-0002 3.00000000000000E+0000
 1.50000015273690E-0002 1.51666682213544E-0002 1.53333349153399E-0002 1.00000000000000E+0000
 1.53333349153399E-0002 1.55000016093254E-0002 1.56666673719883E-0002 0.00000000000000E+0000
 1.56666673719883E-0002 1.58333331346512E-0002 1.60000007599592E-0002 0.00000000000000E+0000
 1.60000007599592E-0002 1.61666665226221E-0002 1.63333341479301E-0002 1.00000000000000E+0000
 1.63333341479301E-0002 1.64999999105930E-0002 1.66666675359011E-0002 0.00000000000000E+0000
 1.66666675359011E-0002 1.68333332985640E-0002 1.70000009238720E-0002 0.00000000000000E+0000
 1.70000009238720E-0002 1.71666666865349E-0002 1.73333343118429E-0002 1.00000000000000E+0000
 1.73333343118429E-0002 1.75000000745058E-0002 1.76666676998138E-0002 0.00000000000000E+0000
 1.76666676998138E-0002 1.78333334624767E-0002 1.80000010877848E-0002 1.00000000000000E+0000
 1.80000010877848E-0002 1.81666668504477E-0002 1.83333344757557E-0002 0.00000000000000E+0000
 1.83333344757557E-0002 1.85000002384186E-0002 1.86666678637266E-0002 0.00000000000000E+0000
 1.86666678637266E-0002 1.88333336263895E-0002 1.90000012516975E-0002 1.00000000000000E+0000
 1.90000012516975E-0002 1.91666670143604E-0002 1.93333346396685E-0002 0.00000000000000E+0000
 1.93333346396685E-0002 1.95000004023314E-0002 1.96666680276394E-0002 0.00000000000000E+0000
 1.96666680276394E-0002 1.98333337903023E-0002 2.00000014156103E-0002 0.00000000000000E+0000
